8 
8 
1 0 6 3 1 
8 
1 0 6 3 1 
1 0 5 3 1 
8 
1 0 6 2 1 
8 
1 0 6 2 1 
1 1 6 3 1 
8 
1 0 6 3 1 
1 0 5 2 1 
8 
1 0 6 2 1 
1 1 6 4 1 
8 
1 0 6 4 1 
1 1 5 1 1 
8 
1 0 5 3 1 
1 0 4 2 1 
8 
1 0 6 3 3 
1 0 5 3 4 
8 
1 0 4 4 5 
1 0 5 4 5 
8 
1 0 6 2 7 
1 1 6 3 8 
8 
1 1 5 3 9 
1 1 4 1 10 
8 
1 0 4 4 10 
1 0 5 2 10 
8 
1 1 5 1 10 
1 0 5 4 10 
8 
1 0 6 4 14 
1 0 7 4 15 
8 
1 0 8 3 14 
1 0 7 2 14 
8 
1 1 7 3 15 
1 1 6 1 15 
8 
1 0 6 2 18 
1 1 6 4 18 
8 
1 1 7 1 19 
1 0 7 4 20 
8 
1 0 8 2 21 
1 1 8 4 7 
8 
1 1 9 3 6 
1 1 8 2 7 
8 
1 2 8 1 6 
1 1 8 3 7 
8 
1 1 7 4 7 
1 1 8 4 8 
8 
1 1 9 3 8 
1 1 8 2 9 
8 
1 2 8 1 9 
1 1 8 3 10 
8 
1 1 7 2 10 
1 2 7 2 9 
8 
1 0 6 3 10 
1 0 5 2 11 
8 
1 1 5 2 12 
1 2 5 4 11 
8 
1 3 7 1 9 
1 2 7 1 10 
8 
1 1 7 4 11 
1 1 8 1 17 
8 
1 0 8 2 18 
1 1 8 4 19 
8 
1 1 9 4 20 
1 1 10 4 19 
8 
1 1 11 1 18 
1 0 11 3 17 
8 
1 0 10 4 16 
1 0 11 4 16 
8 
1 0 12 4 11 
1 0 6 3 9 
8 
1 0 5 4 10 
1 0 6 4 11 
8 
1 0 7 3 12 
1 0 6 3 13 
8 
1 0 5 2 13 
1 1 5 2 14 
8 
1 2 5 4 16 
1 2 6 4 23 
8 
1 2 7 1 24 